8
7
0 0 561
0 1 629
0 2 85
0 3 549
0 4 204
0 5 81
0 6 253
1 0 244
1 1 610
1 2 318
1 3 784
1 4 959
1 5 32
1 6 626
2 0 60
2 1 785
2 2 799
2 3 254
2 4 602
2 5 623
2 6 525
3 0 493
3 1 632
3 2 76
3 3 458
3 4 706
3 5 532
3 6 644
4 0 59
4 1 624
4 2 561
4 3 66
4 4 138
4 5 368
4 6 557
5 0 263
5 1 344
5 2 179
5 3 720
5 4 869
5 5 934
5 6 473
6 0 388
6 1 749
6 2 460
6 3 529
6 4 328
6 5 566
6 6 664
7 0 388
7 1 216
7 2 110
7 3 403
7 4 968
7 5 972
7 6 67
