10
6
0 0 904
0 1 575
0 2 192
0 3 55
0 4 44
0 5 964
1 0 117
1 1 732
1 2 744
1 3 737
1 4 627
1 5 494
2 0 220
2 1 985
2 2 160
2 3 413
2 4 857
2 5 914
3 0 413
3 1 913
3 2 595
3 3 775
3 4 449
3 5 631
4 0 772
4 1 204
4 2 513
4 3 307
4 4 125
4 5 986
5 0 977
5 1 222
5 2 324
5 3 192
5 4 113
5 5 959
6 0 545
6 1 409
6 2 522
6 3 894
6 4 560
6 5 529
7 0 383
7 1 957
7 2 769
7 3 364
7 4 946
7 5 457
8 0 980
8 1 463
8 2 403
8 3 955
8 4 316
8 5 542
9 0 570
9 1 128
9 2 126
9 3 561
9 4 283
9 5 839
